54359
45746
64961
59554
59618
69066
59491
45747
10244
50608
52636
65128
59561
59560
59555
59553
59557
59556
59559
64660
733
34
54363
59768
48331
59531
45449
67562
59533
59490
59492
8498
22903
45669
22907
52092
54582
65129
28510
1382
59562
29309
29315
29318
68030
1331
59552
59558
56831
2907
435
736
65031
45976
21054
52026
55508
64544
45450
66686
21055
32326
18170
7175
24460
63379
60717
60719
32352
28649
25231
23009
61960
437
4643
68032
29317
708
68031
1328
45833
46371
728
62993
56344
2778
51962
48285
31921
59742
48834
45653
18147
2890
5195
10036
10037
49840
27702
35633
18213
61923
59885
6110
65292
9077
61047
60862
47591
32683
51924
23484
59898
59897
44797
56427
45496
46812
54361
10836
24444
50964
60742
61939
52143
66484
66313
66287
45701
46525
25230
46215
35159
45107
10657
59494
54187
64579
32295
46429
29302
33461
21
31463
34246
21286
50447
31857
2057
47503
46765
29319
56883
25826
46802
29215
26470
62201
46644
9512
29499
29255
46216
1379
67352
54320
715
473
4648
1329
4630
28401
62100
47680
46773
62064
63319
3370
10501
49769
60785
652
28156
23508
651
51740
28786
10355
62156
62151
10624
49325
49328
49331
49366
66348
54295
60800
63395
37759
10979
54321
10291
54476
52
18296
30868
8491
47593
64148
54195
66893
25622
60797
10619
64344
59478
50277
46912
24169
53823
24986
60662
32183
10634
32306
28166
24874
2587
26217
9904
25560
27739
27471
31889
21282
277
21110
29316
23507
675
674
60288
65806
10660
54411
64342
32524
53794
65649
329
49497
18169
60764
62140
9514
50930
34715
52628
1488
8007
47508
28417
7758
67502
46811
59645
54315
60984
1999
31856
65812
25871
52898
27466
30363
7383
27859
61249
59526
5033
47117
10921
9426
25144
10428
62098
26927
60397
10936
28657
9494
27555
56073
25277
28463
26555
9501
9438
32128
27532
10877
10441
2102
1195
27530
8332
10862
8306
10246
10736
10707
63030
56659
48230
60517
60630
52338
62073
62068
62071
62074
18431
1655
29452
66376
61092
34836
47907
36893
64217
10741
34100
10770
11995
156
33920
897
901
18427
31548
30267
8059
60274
46071
28528
1491
1487
52322
54413
24571
51871
10626
28584
45995
28018
28390
59665
32205
10308
10326
46017
57056
31423
63390
61621
61613
2850
54373
60756
27958
60068
27453
9516
38574
21708
10676
10320
7325
10722
10809
31914
25101
61556
60434
32437
62024
1542
49628
49568
65290
10875
34438
21137
60660
28516
45300
47172
12017
24351
30539
59801
54372
9911
60858
48408
11113
28758
10612
60610
62158
68399
60942
47500
60548
62180
47013
50
8884
37240
28375
61162
61165
62046
10826
50448
28640
66896
26916
28246
63321
35956
49912
47157
28297
477
49692
67577
60995
18425
46043
32255
28069
10048
62159
10925
26502
30383
10750
10738
46944
62042
61167
56861
35311
31096
45866
63031
3297
24903
60751
23260
33820
69042
52977
10354
62153
27442
9573
4905
5420
1489
32353
18498
7303
25683
28459
47042
24378
57051
49766
52331
52324
63721
9631
27317
60727
10959
34991
38522
59889
62013
47629
35312
27840
50535
8414
24517
60451
28414
57064
63350
25959
52141
36814
31526
27481
25550
25232
52952
27108
48953
18501
65217
60341
10646
60877
44747
28471
53100
11099
60346
11017
32554
25428
54005
22520
4642
12227
54263
59899
5429
60976
10235
23262
57052
47560
63139
2798
18563
21127
26416
28462
27202
27110
26475
25234
21221
21066
46028
67282
65295
48008
47507
23147
60718
60716
45426
51338
48330
55143
63001
63392
54356
63891
61128
60596
25129
36776
60594
46301
49416
9420
9738
25305
305
39293
31113
10410
2116
586
301
37138
10971
10857
25076
10920
10378
10413
10444
10404
25718
25443
10617
27847
27856
10364
10919
24179
24177
38889
24184
10968
9808
10452
568
58673
27038
8622
9653
53177
32318
7294
31146
10414
2362
10913
10916
10915
2104
175
572
10367
4947
32223
10615
44905
10160
31862
27705
51571
5471
31613
135
8646
27390
9484
24984
25145
25470
25335
31331
5438
10310
61403
63032
39586
39251
11006
8660
55707
10739
24726
2474
60441
61139
9503
24813
20667
27906
10357
29886
10395
28295
45535
53460
26912
8645
8648
28315
35342
8847
8628
10719
44563
10424
37040
10381
9740
49276
50052
36068
56512
49191
33835
24779
25297
24255
61455
4962
10866
60735
27519
27460
31435
10903
9741
9737
7887
24556
8632
7361
24493
8267
33799
10727
8264
8412
8959
6165
60873
32237
9533
67513
11005
46349
68645
20849
54212
54243
8949
65715
61175
10982
26367
28024
10910
37108
10285
60440
10053
9815
10287
8970
53711
10897
39
47892
61995
10778
39528
48918
2105
564
2199
24333
10776
37029
27337
10622
32397
8566
28341
11048
64182
2463
5536
30481
9703
52329
25949
60200
21525
60875
30366
26235
62
37927
31481
8300
8335
8752
8761
8766
24229
27531
60922
25186
25896
10418
10247
10969
24641
29065
10846
28120
24511
10445
10265
5105
10356
5130
5435
8067
24963
961
51
59798
59921
61517
65178
52349
52355
56895
27937
51160
8272
28386
56732
24679
24492
45991
20952
44908
60752
52023
50286
47127
44808
60739
60874
60425
36812
10845
61228
9588
28837
33905
10687
8624
10818
10882
26702
24429
49612
8638
10723
78
54496
60774
10725
10766
10823
10963
8774
8339
10957
9728
386
51143
31794
474
60948
45113
37585
46991
8872
58208
10422
21044
5054
10970
25391
5651
10755
8951
26606
25417
31105
10394
27720
9987
52127
30565
10689
31695
21130
46437
5530
5784
10924
27677
10720
7470
59062
60391
45001
60807
10307
30996
47686
36882
11110
46399
10746
40317
8756
25386
56914
7871
569
10820
35266
10654
33754
10735
10688
28012
9064
10824
10732
48667
47005
46990
10848
60420
6853
60347
27201
25329
60945
10853
9905
60714
36205
10772
10747
54521
10709
10238
2103
2109
2255
10907
10419
10902
10898
26042
10810
28337
24130
59977
1381
37352
31750
30401
9540
10336
10701
49396
60406
10696
10641
28252
60205
60203
54468
60204
8661
36549
60266
45027
28388
28250
59774
61118
54199
60748
9809
10321
18435
25836
5689
25730
7588
24678
40481
8758
9971
60351
35849
62154
62150
34580
31270
29477
57007
7416
9521
10773
8611
10874
25950
25511
10850
27413
31495
10306
10771
1490
21707
62041
55769
61561
9980
28574
1479
28248
45022
63310
30698
24784
9766
24353
27383
27536
18684
24534
890
9570
25581
28757
10396
10717
9652
9063
24114
30268
10610
5439
60549
31653
65176
65175
68620
52328
29099
32699
8064
47807
60761
68878
68882
68883
68804
68812
68811
21041
29893
60224
10631
47150
10305
49583
7589
60604
31466
35295
34440
10926
11996
24989
27993
10403
10715
33815
2461
8405
62044
65293
10744
10789
62072
62070
60802
60804
60803
60805
39960
5697
32019
26784
10900
10775
10844
10745
30515
2112
60806
29383
896
10673
28144
8282
47004
2701
61143
40467
10961
52341
52346
21873
10931
46610
24451
10843
46651
9801
54923
61564
60809
60808
60810
48004
47146
5817
31952
51717
10757
10708
10714
28560
54418
60211
28658
9889
10425
11994
11008
27900
9497
5039
5003
10951
7286
27628
11041
611
46064
9798
10804
54205
8753
10313
10408
28102
27716
2363
9487
9071
4625
27463
9435
8261
26554
10726
9364
33499
9360
64244
26905
21012
38
9486
9893
66573
10372
10349
56884
60868
56885
60682
60828
10782
54499
60842
9467
10348
8767
45775
56082
10283
7463
7771
9498
10838
8625
47126
64326
5032
27454
10630
5026
4985
25196
10447
2115
10856
9891
38124
29410
9488
10330
10904
10922
60010
46049
10785
45002
45049
25193
28103
9739
11007
10384
2377
10712
1190
7292
60706
25361
10406
24146
11001
5008
4998
25228
11997
10361
10753
24148
25537
10312
10358
10409
1860
20809
8636
47037
5028
27746
10402
45646
10380
25614
31910
63630
62677
36160
10446
27670
24528
27606
10718
8630
10614
24644
36193
10420
10990
11042
48106
5444
46350
65723
24795
10314
30416
63012
60861
56771
37433
10435
10837
24688
4939
10658
25478
9427
25237
25081
5001
10952
63010
26407
8966
38036
46263
60201
10828
9505
27710
1194
35375
25830
5780
10437
39511
33834
63505
31458
9598
10927
1859
9417
10751
2114
1853
27756
34944
27964
10343
10278
7762
4971
2111
32566
25254
10721
10436
10369
34607
1251
52327
26467
2175
64147
9896
63294
8268
26988
45047
60343
60352
68452
10677
8311
133
60721
1907
9633
36081
10716
28146
31826
25854
44593
1903
64175
10983
37315
9202
20810
4789
49363
32558
56802
8295
28552
8398
7335
47949
47950
47951
39722
69234
36764
27461
10167
8303
10704
25899
8757
35370
8344
48805
8312
10989
10825
60855
27918
56242
23295
9474
60365
44658
27962
9762
10417
9617
8641
5048
31285
26247
30086
26069
31507
10811
10737
8855
52368
52332
9726
60202
53915
10666
54242
54240
54241
65722
31828
64328
64329
53512
60801
32567
10991
10981
64234
25035
28850
63092
34642
68403
60066
28303
